((("above" .
   [0 0 0 0 1])
  ("clear" .
   [0 0 0 0 1])
  ("you" .
   [0 0 1])
  ("aref" .
   [0 0 0 1])
  ("what" .
   [1 0 0 0])
  ("before" .
   [0 0 0 0 0 1])
  ("than" .
   [1 0 0 0])
  ("that" .
   [1 0 0 0])
  ("greater" .
   [0 0 0 0 1 0 0])
  ("This" .
   [1 0 0 0])
  ("good" .
   [1 0 0 0])
  ("not" .
   [2 0 0])
  ("this" .
   [1 0 0 0])
  ("GSS" .
   [1 0 0])
  ("class" .
   [0 0 0 1 0])
  ("multiplybyseven" .
   [0 0 0 1 0 0 0 0 0 0 0 0 0 0 0])
  ("number" .
   [2 0 0 0 0 0])
  ("other" .
   [1 0 0 0 0])
  ("current" .
   [0 0 0 1 0 0 0])
  ("C-l" .
   [0 0 1])
  ("Current" .
   [1 0 0 0 0 0 0])
  ("sdfjkdjkf" .
   [1 0 0 0 0 0 0 0 0])
  ("play" .
   [0 0 0 1])
  ("require" .
   [1 0 0 1 1 0 0])
  ("Create" .
   [1 0 0 0 0 0])
  ("the" .
   [3 0 0])
  ("record" .
   [1 0 0 0 0 0])
  ("i" .
   [1])
  ("if" .
   [1 0])
  ("is" .
   [5 0])
  ("working" .
   [1 0 0 0 0 0 0])
  ("and" .
   [3 0 0])
  ("size" .
   [1 0 0 0])
  ("Limit" .
   [0 0 0 0 1])
  ("data" .
   [1 0 0 0])
  ("for" .
   [2 0 0])
  ("to" .
   [1 0])
  ("remove" .
   [1 0 0 0 0 0])
  ("subscription" .
   [1 1 0 0 0 0 0 0 0 0 0 0])
  ("update" .
   [1 0 0 0 0 0])
  ("write" .
   [1 0 0 0 0])
  ("with" .
   [1 0 0 0])
  ("without" .
   [1 0 0 0 0 0 0])))
